-1.620907 -0.212212 1.500000
-0.212212 0.534738 1.750000
-0.212212 0.162531 1.625000
-0.212212 -0.024889 1.562500
-0.024889 0.068855 1.593750
-0.024889 0.021986 1.578125
-0.024889 -0.001451 1.570312
-0.001451 0.010267 1.574219
-0.001451 0.004408 1.572266
-0.001451 0.001478 1.571289
-0.001451 0.000013 1.570801
-0.001451 -0.000719 1.570557
-0.000719 -0.000353 1.570679
-0.000353 -0.000170 1.570740
-0.000170 -0.000078 1.570770
-0.000078 -0.000032 1.570786
-0.000032 -0.000010 1.570793
-0.000010 0.000002 1.570797
-0.000010 -0.000004 1.570795
-0.000004 -0.000001 1.570796
-0.000001 0.000000 1.570796
-0.000001 -0.000000 1.570796
-0.000000 0.000000 1.570796
-0.000000 -0.000000 1.570796
Steps: 24
